lab Старт
1111111111111111111111111
1000000000000100000000007
1010101111110111111011111
1010100010000100000010001
1010101010101101111010101
1010101010100101001010101
1010101010101101011010101
1010101010100101000010101
1010101010110101010110101
1010101010100000010110101
1010101111111111111110101
1010100000000000000010101
1010101111111111111010101
1010000000000000000010101
1011111110111111111010101
1000100000000000000000101
1111111111111111111111101
1000000000000000000000001
1011111011110111111111101
1010001010010001000000001
1010101010110111111111101
1010111010100000010000001
1010001010101111111111101
1010100010001000000000001
1611111111111111111111111
lab Тремо
0000000000000000000000000
0000000000000000000000000
0000000000000000000000000
1110000000000000000000000
1611111111111111111111111
1000000000000000000000001
1011111111110111111111101
1011111111110111111111101
1011111111110111111111101
1000000000000000000000001
1011110111111111110111101
1011110111111111110111101
1011110111111111110111101
1011110111111111110111101
1011110000000000000111101
1011110111111111110111101
1011110111111111110111101
1011110111111111110111101
1011110111111111110111101
1000000000000000000000001
1011111111110111111111101
1011111111110111111111101
1011111111110111111111101
1000000000000000000000001
1111111111111111111111171
lab experiment1
0000000000000000000000000
0000000000000000000000000
0000000000000000000000000
0000000000000000000000000
0000000000000000000000000
0000000000000000000000000
0000000000000000000000000
0000000000000000000000000
0000000000000000000000000
0000000000000000000000000
0000000000000000000000000
0000000000000000000000000
0000000000000000000000000
0000000000000000000000000
1111111111111111111111111
1010101010101010101010101
1010101010101010101010101
1000100010001000100010001
1101110111011101110111011
6000000000000000000000007
1101110111011101110111011
1000100010001000100010001
1010101010101010101010101
1010101010101010101010101
1111111111111111111111111
lab test_middle
1111111111111111111111111
1000000000000000000000001
1000000101111000011111111
1000000100001110010000001
1001111100000010011111001
1001000100110010000001001
1001000100110010111111001
1001000000110010100000001
1001000100000010001110111
1001000100000010101010101
1000000100110010101010101
1011110100110010111011101
1000000100110010100000001
1011111100110010111110101
1010000000000010000010101
1010100000000010111110101
1010100000000010100000101
1010101111111110000000101
1010101010000000011110101
1010111010111111010010001
1010000010000000010110011
1010000011111111110100007
1011110000000000000111111
1000000000000000000000001
1611111111111111111111111
lab middle
1111111111111111111111111
1111110000000011000000001
1111100101111000011111111
1000001100001110110000001
1011111101100110111111011
1011111101110110000001001
1001000100110010111111101
1101010001110110100000001
1001010100000110001110111
1011010101110010101010101
1000000100110110101010101
1011110101110110111011101
1000000100110010100000001
1011111101111010111110101
1010000000001010000010101
1010101110111010111110101
1010100100000010100010101
1010101111111010001000101
1010101010000011011110101
1010111010111111010010001
1010110010000000010111011
1010000111111111110100007
1011110111111111110111111
1000000000000000000000001
1611111111111111111111111
lab mid
1111111111111111111111111
1000000010000000000000001
1011111110111011111111111
1010000010101000000000001
1011111010101011111111101
1000001010001000000000101
1011101010111111011111101
1010101010100001010000001
1010101010101101011111111
1000101010101101000000007
1111101010111101111111111
1010101010000000000000001
1010101011111101111111101
1000001000000101000000101
1011111010110000011110101
1010000010111101110110101
1010111010111101000010101
1010101010111100011010101
1010101000000001111010101
1010101011101111111010101
1000000000001000001010101
1010111011101111101010101
1010101000001111101011101
1010001011100000001000001
1611111111111111111111111
lab m
1111111111111111111711111
1000001010001000101000001
1011101010101010101111101
1011101010101010100000101
1011101010101011101111101
1011101010101000000000001
1011101010101010110111101
1011101010101010110111101
1011101010111010000000001
1011101000000011011111101
1011101011111001010011001
1011101011111101011011101
1011101010101111010011001
1011111010101000011001101
1010000010001111001101001
1000111010100000000101111
1011100010101111110000001
1011001010101000011111111
1011011000001111000000001
1011011111000101011111111
1011011000011101011000001
1001011011010000001111101
1011110011110111111111101
1000000000000000000000001
1116111111111111111111111
lab mm
1111111111111111111711111
1000001010001000101000001
1011101010101010101111101
1011101010101010100000101
1011101010101011101111101
1011101010101000000000001
1011101010101010110111101
1011101010101010110111101
1011101010111010000000001
1011101000000011011111101
1011101011111001010011001
1011101011111101011011101
1011101010101111010011001
1011111010101000011001101
1010000010001111001101001
1000111010100000000101111
1011100010101111110000001
1011001010101000011111111
1011011000001111000000001
1011011111000101011111111
1011011000011101011000001
1001011011010000001111101
1011110011110111111111101
1000000000000000000000001
1116111111111111111111111
lab mmm
1111111111111111111711111
1000001010001000101000001
1011101010101010101111101
1011101010101010100000101
1011101010101011101111101
1011101010101000000000001
1011101010101010110111101
1011101010101010110111101
1011101010111010000000001
1011101000000011011111101
1011101011111001010011001
1011101011111101011011101
1011101010101111010011001
1011111010101000011001101
1010000010001111001101001
1000111010100000000101111
1011100010101111110000001
1011001010111000011111111
1011011000011111000000001
1011011111000101011111111
1011011000011101011000001
1001011011010000001111101
1011110011110111111111101
1000000000000000000000001
1116111111111111111111111
lab mmmm
1111111111111111111711111
1000001010001000101000001
1011101010101010101111101
1011101010101010100000101
1011101010101011101111101
1011101010101000000000001
1011101010101010110111101
1011101010101010110111101
1011101010111010000000001
1011101000000011011111101
1011101011111001010011001
1011101011111101011011101
1011101010101111010001001
1011111010101000011101101
1010000010001111000101001
1000111010100000010101111
1011100010101111110000001
1011001010111000011111111
1011011000011111000000001
1011011111000101011111111
1011011000011101011000001
1001011011010000001111101
1011111011110111111111101
1000000000000000000000001
1116111111111111111111111
lab m_1
1111111111111111111111111
1000000000000000000000007
1011111111111111101111111
1010001000000000101000001
1010101110111110101011101
1000101000000010000011101
1111101111111011111111101
1000101000001000000000101
1010111011111011011111101
1010001000001010000000101
1011111011111010111111101
1000000000000010000000001
1111111111111110111111111
1000000000000010000000001
1011111111111010111111101
1011111011111010000000101
1011111011111010111010101
1000000000000000001010101
1011111011111010111010101
1011111011111010111011101
1011111011111010110000001
1011111011111010110111011
1011111011111010111101001
1000000000000010000001101
1611111111111111111111111
lab m_2
1111111111111111111111111
1000000000000000000000007
1011101111111111101111111
1011101000000000100000001
1011101110111110101111101
1000001000000010000111101
1111111111111011111111101
1001111000001000000000101
1011101011111011011111101
1011000000001010000000101
1011111011111010111111101
1000000000000010111000001
1111111111111110111111111
1000000000000010000000001
1011111011111011101111101
1011111011111011101000101
1011111011111011101010101
1000000000000000001010101
1011111011111010111010101
1011111011111010111011101
1011111011111010111000001
1011111011111010111111011
1011111011111010111101001
1000000000000010000001101
1611111111111111111111111
lab m_3
1111111111111111111111111
1000000000000000000000007
1011101111111111101111111
1011101000000000100000001
1011101110111110101111101
1000001000000010000111101
1111111111111011111111101
1001111000001000000000101
1011101011111011011111101
1011000000001010000000101
1011111011111010111111101
1000000000000010111000001
1111111111111110111111111
1000000000000010000000001
1011111111111011101111101
1011111011111011101000101
1011111011111011101010101
1000000000000000001010101
1011111011111010111010101
1011111011111010111011101
1011111011111010111000001
1011111011111010111111011
1011111011111010111101001
1000000000000010000001101
1611111111111111111111111
lab m_4
1111111111111111111111111
1000000000000000000000007
1011111111111111101111111
1010111000000000000000001
1010111110111111111111101
1000001110000011111111101
1111111111111011111111101
1111100000111000000111101
1011111011111011011111101
1011111000111010000001101
1011111011111010111111101
1000000000000010111100001
1111111111111110111111111
1000000000000010000000001
1011111111111011101111101
1011111011111011101110101
1011111011111011101110101
1000000000000000001000101
1011111011111011011011101
1011111011111011011011101
1011111011111011011000001
1011111011111011011111111
1011111011111011011111111
1000000000000011000000011
1611111111111111111111111
lab p_1
1111111111111111111111111
1000000000000000000000007
1011111111111111111111111
1011111110000000000000001
1011111110111111111111101
1000000000111111111111101
1111111111111110000011101
1111111111111110111011101
6000000000000010111011101
1011111011111010101000101
1011111011111010001011101
1011111011111011111000001
1000001000000011111111101
1011111011111011100000001
1011111011111011101111101
1011111011111011101111101
1011111011111011101111101
1000000000000000001001101
1011111111111011011011101
1011111011111011011011101
1011111011111011011000001
1011111011111011011111101
1011111011111011011111101
1000000000000000000000001
1111111111111111111111111
lab p_2
1111111111111111111111111
1000000000000000000000007
1011111111111111111111111
1011111110000000000000001
1011111110111111111111101
1000000000110111111111101
1111111111110110000011101
1111111111110110111011101
6000000011000010111011101
1011111011011010101011101
1011111011011010001011101
1011111011011011111000001
1011111011011111111111101
1011111011000000000000001
1011111011111111101111101
1011111111111111101111101
1011111111111111101111101
1000000000000000000011101
1011011111111011111011101
1011011111111011111011101
1011000000001011111000001
1011111111111011111111101
1011111111111011111111101
1000000000000000000000001
1111111111111111111111111
lab p_3
1111111111111111111111111
1000000110000000000000007
1011110110111111111111111
1011110110000000000000001
1011110111111111111111101
1011110111110111111111101
1011111111110110000011101
1011111111110110111011101
6000000011000010111011101
1011111011011010101011101
1011111011011010001011101
1011111011011011111000001
1011111011011111111111101
1011111011000000000000001
1011111011111111101111101
1011111111111111101111101
1011111111111111101111101
1000000000000000000011101
1011011111111011111011101
1011011111111011111011101
1011000000001011111000001
1011111111111011111111101
1011111111111011111111101
1000000000000000000000001
1111111111111111111111111
lab p_4
1111111111111111111111111
1000000110000000000000007
1011110110111111111111111
1011110110000000000000001
1011110111111111111111101
1011110111111111111111101
1011111111000110000000001
1011111111011110111111101
6000000011011110111111101
1011111011011110111111101
1011111011011110000011101
1011111011011111111111101
1011111011011111111111101
1011111011000000000000001
1011111011111111101111101
1011111111111111101111101
1011111111111111101101101
1000000000000011101101101
1011111111111011101101101
1011111111111011101101101
1011111111111011100001101
1011111111111011111111101
1011111111111011111111101
1000000000000000000000001
1111111111111111111111111
lab p_5
1111111111111111111111111
1011111110000000000000007
1011111110111111111111111
1011111110000000000000001
1000001111111111111111101
1011111111111111111111101
1011111111000110000000001
1011111111011110111011101
6000000011011110111011101
1011111011011110111111101
1011111011011110011111101
1011111011011111111111101
1011111011011111111111101
1011111011000000000000001
1011111011111111101111101
1011111111111111101111101
1011111111111111101111101
1000000000000011100011101
1011111111111011101111101
1011111111111011101111101
1011111111111011100001101
1011111111100011111111101
1000111111111011111111101
1011111111111000000000001
1111111111111111111111111
lab w1
1111111111111111111111111
1111111111111111111111111
1111111111111111111111111
1111111111111111111111111
1111111111111111111111111
1000000000000000000071111
1011111111111111111111111
1010000001000000000011111
1010111101011111111111111
1000010101010000000011111
1111110101011111101111111
1000010001000000000011111
1011011101111111111011111
1000000000000000000011111
1111111110111111111111111
1000000010000000000011111
1111111011111111010111111
1000000000010101010011111
1010111011110101111011111
1010000000000001000011111
1011111011101111011111111
1000001010000000000011111
1111111011111111111011111
1000000000000000000011111
1611111111111111111111111
lab w_2
1111111111111111111111111
1111111111111111111111111
1111111111111111111111111
1111111111111111111111111
1111111111111111111111111
1000000000000000000001111
1111111111011111111111111
1010000001000000000011111
1010111101011111111111111
1000010101010000000011111
1011110101011111101111111
1000010001000000000011111
1011011111111111111011111
1000000000000000000011111
1111111110111111111111111
1000000010000000000011111
1111111011111111010111111
1000000000010101010011111
1010111011110101111011111
1010001000000001000011111
1011111011101111011111111
1000001010000000000011111
1111111011111111111011111
1000000000000000000011111
1011111111111111111111111
lab w_3
1111111111111111111111111
1111111111111111111111111
1111111111111111111111111
1111111111111111111111111
1111111111111111111111111
1000000000000000000071111
1111111111011111111111111
1010000001000000000011111
1010111101011111111111111
1000010101010000000011111
1011110101011111101111111
1000010001000000000011111
1011011111111111111011111
1000000000000000000011111
1111111110111111111111111
1000000010000000000011111
1111111011111111010111111
1000000000010101010011111
1010111011110101111011111
1010001000000001000011111
1011111011111101011111111
1000001010000000000011111
1111111011111111111011111
1000000000000000000011111
1611111111111111111111111
lab w_4
1111111111111111111111111
1111111111111111111111111
1111111111111111111111111
1111111111111111111111111
1111111111111111111111111
1000000000000000000001111
1111111111011111111111111
1010000001000000000011111
1010111101011111111111111
1000010101010000000011111
1011110101011111101111111
1000010001000000000011111
1011011111111111111011111
1000000000000000000011111
1111111110111111111111111
1000000010000000000011111
1111111011111111010111111
1000000000010101010011111
1010111011110101111011111
1010001000000001000011111
1011111011111101011111111
1000001010000000000011111
1111111011111111111011111
1000000000000000000011111
1011111111111111111111111
lab я_1
1111111111111111111111111
1111111111111111111111111
1111111111111111111111111
1111111111111111111111111
1111111111111111111111111
1111000000000000000071111
1111111111011111111111111
1000000001000000000011111
1011111101011111111011111
1011111101011111111011111
1000111101111111111011111
1011111101111111000011111
1011111111111111111011111
1000000000000000000011111
1111111011111111111011111
1111111011111111110011111
1110111011111111111011111
1000000000111111111011111
1011111011111111111011111
1011111000000000000011111
1011101011111111111111111
1000001011110000000011111
1111111011111111111011111
1000000000000000000011111
1611111111111111111111111
lab я_2
1111111111111111111111111
1111111111111111111111111
1111111111111111111111111
1111111111111111111111111
1111111111111111111111111
1000000000001000000071111
1011111111111110111111111
1011111111111110111011111
1011111111111110111011111
1011111111111110111011111
1011111111111110111011111
1011111111111110111011111
1011111111111110111011111
1000000000000000000011111
1011111111011111111011111
1011111111011111111011111
1011111111011111111011111
1011111111011111111011111
1011111111011111111011111
1011111111011111111011111
1011111111011111111011111
1011111111011111111011111
1011111111011111111011111
1000000000000000000011111
1611111111111111111111111
lab lit1
1111111111111111111111111
1111111111111111111111111
1111111111111111111111111
1111111111111111111111111
1111111111111111111111111
1111111111111111111111111
1111111111111111111111111
1111111111111111111111111
1111111111111111111111111
1111111111111111111111111
1000000100000001111111111
1010111101111107111111111
1110111101111111111111111
1000100001000111111111111
1010111011010101111111111
1110101000010001111111111
1010101011010111111111111
1000100011110001111111111
1011111011011101111111111
1000001011011111111111111
1111101011000001111111111
1000101011010111111111111
1110101011010011111111111
1000000000011111111111111
1611111111111111111111111
lab lit2
1111111111111111111111111
1111111111111111111111111
1111111111111111111111111
1111111111111111111111111
1111111111111111111111111
1111111111111111111111111
1111111111111111111111111
1111111111111111111111111
1111111111111111111111111
1111111111111111111111111
1000000100000007111111111
1010111101111111111111111
1110111101111111111111111
1000100001000111111111111
1010111011010101111111111
1110101000010001111111111
1010101011010111111111111
1000100011110001111111111
1011111011011101111111111
1000001011011111111111111
1111101011000001111111111
1000101011010111111111111
1110101011010011111111111
1000000000011111111111111
1611111111111111111111111
lab lit38
1111111111111111111111111
1111111111111111111111111
1111111111111111111111111
1111111111111111111111111
1111111111111111111111111
1111111111111111111111111
1111111111111111111111111
1111111111111111111111111
1111111111111111111111111
1111111111111111111111111
1010111100000007111111111
1010111101111111111111111
1010111101111101111111111
1010111000000001111111111
1000111011111111111111111
1110111011111111111111111
1110111011111011111111111
1000111011111011111111111
1011111011011011111111111
1000001011011011111111111
1111101011000011111111111
1111101011011111111111111
1111101011011111111111111
1000000000011111111111111
1611111111111111111111111
lab lit31
1111111111111111111111111
1111111111111111111111111
1111111111111111111111111
1111111111111111111111111
1111111111111111111111111
1111111111111111111111111
1111111111111111111111111
1111111111111111111111111
1111111111111111111111111
1111111111111111111111111
1000000000000007111111111
1011111111111110111111111
1011111111111110111111111
1011111000000000111111111
1000000011111111111111111
1111111011111111111111111
1111111011111111111111111
1111111011111110111111111
1000000011111110111111111
1111111011111110111111111
1111111011111110111111111
1111111011111110111111111
1111111011111110111111111
1000000000000000111111111
1611111111111111111111111
lab test1
0000000000000000000000000
0000000000000000000000000
0000000000000000000000000
0000000000000000000000000
0000000000000000000000000
0000000000000000000000000
0000000000000000000000000
0000000000000000000000000
0000000000000000000000000
0000000000000000000000000
0000000000000000000000000
0000000000000000000000000
0000000000000000000000000
0000000000000000000000000
0000000000000000000000000
0000000000000000000000000
0000000000000000000000000
0000000000000000000000000
0000000000000000000000000
0000000000000000000000000
1111100000000000000000000
1000700000000000000000000
1101100000000000000000000
1000100000000000000000000
1611100000000000000000000
lab test2
0000000000000000000000000
0000000000000000000000000
0000000000000000000000000
0000000000000000000000000
0000000000000000000000000
0000000000000000000000000
0000000000000000000000000
0000000000000000000000000
0000000000000000000000000
0000000000000000000000000
0000000000000000000000000
0000000000000000000000000
0000000000000000000000000
0000000000000000000000000
0000000000000000000000000
0000000000000000000000000
0000000000000000000000000
0000000000000000000000000
0000000000000000000000000
1111110000000000000000000
1010070000000000000000000
1010110000000000000000000
1000110000000000000000000
1010010000000000000000000
1611110000000000000000000
lab test3
0000000000000000000000000
0000000000000000000000000
0000000000000000000000000
0000000000000000000000000
0000000000000000000000000
0000000000000000000000000
0000000000000000000000000
0000000000000000000000000
0000000000000000000000000
0000000000000000000000000
0000000000000000000000000
0000000000000000000000000
0000000000000000000000000
0000000000000000000000000
0000000000000000000000000
0000000000000000000000000
0000000000000000000000000
0000000000000000000000000
1111111000000000000000000
1010007000000000000000000
1000101000000000000000000
1010101000000000000000000
1010001000000000000000000
1000101000000000000000000
1611111000000000000000000
lab test4
0000000000000000000000000
0000000000000000000000000
0000000000000000000000000
0000000000000000000000000
0000000000000000000000000
0000000000000000000000000
0000000000000000000000000
0000000000000000000000000
0000000000000000000000000
0000000000000000000000000
0000000000000000000000000
0000000000000000000000000
0000000000000000000000000
0000000000000000000000000
0000000000000000000000000
0000000000000000000000000
0000000000000000000000000
1111111100000000000000000
1000110700000000000000000
1010000100000000000000000
1000101100000000000000000
1110100100000000000000000
1000001100000000000000000
1010100100000000000000000
1611111100000000000000000
